log (528, 3) = 5
log (521, 1) = 0
log (513, 3) = 5
log (508, 4) = 4
log (544, 4) = 4
sum_list [20.0, 44.0, 27.0, 10.0, 43.0, 10.0, 48.0] is 202
sum_list [1.0, 32.0, 46.0, 31.0, 46.0] is 156
sum_list [33.0, 10.0, 5.0, 9.0, 16.0, 39.0, 39.0, 40.0, 11.0] is 202
sum_list [5.0, 4.0, 21.0, 9.0, 0.0] is 39
sum_list [42.0, 22.0, 49.0, 21.0, 32.0] is 166
double_list [32.0, 32.0, 7.0, 33.0, 14.0, 5.0, 16.0] is [1024.0, 1024.0, 49.0, 1089.0, 196.0, 25.0, 256.0]
double_list [14.0, 1.0, 22.0, 21.0, 11.0] is [196.0, 1.0, 484.0, 441.0, 121.0]
double_list [11.0, 0.0, 31.0, 24.0, 11.0, 36.0, 30.0, 32.0, 47.0] is [121.0, 0.0, 961.0, 576.0, 121.0, 1296.0, 900.0, 1024.0, 2209.0]
double_list [37.0, 39.0, 5.0, 38.0, 11.0] is [1369.0, 1521.0, 25.0, 1444.0, 121.0]
double_list [30.0, 45.0, 20.0, 40.0, 30.0, 36.0, 45.0] is [900.0, 2025.0, 400.0, 1600.0, 900.0, 1296.0, 2025.0]
average_list [47.0, 12.0, 48.0, 21.0, 33.0, 9.0] is 28.333334
average_list [46.0, 11.0, 43.0, 22.0, 22.0, 31.0, 2.0] is 25.285715
average_list [29.0, 33.0, 43.0, 20.0, 40.0, 31.0, 33.0, 27.0, 14.0] is 30
average_list [49.0, 4.0, 8.0, 36.0, 1.0, 7.0, 35.0, 15.0] is 19.375
average_list [6.0, 1.0, 16.0, 19.0, 49.0] is 18.2
std_dev [14.0, 22.0, 2.0, 46.0, 24.0, 6.0, 27.0] is 13.6321945
std_dev [2.0, 49.0, 49.0, 33.0, 33.0, 29.0, 49.0, 11.0, 28.0] is 15.7488
std_dev [22.0, 14.0, 7.0, 31.0, 49.0] is 14.59589
std_dev [38.0, 6.0, 27.0, 4.0, 27.0, 27.0, 33.0, 41.0, 1.0] is 14.2595005
std_dev [37.0, 25.0, 44.0, 16.0, 37.0] is 9.987992
 